100
===========================
acc
0.5199
precision
0.5199
recall
0.5199
f1
0.5199
cm
[[542  38  70  34  74  14  21  28 133  46]
 [ 43 678  23  27  27   3  16  22  57 104]
 [ 68  23 363 126 219  44  70  56  17  14]
 [ 17  18  62 467 128 115 105  38  21  29]
 [ 38  10 107  80 552  28  69  86  22   8]
 [ 11  10  73 355 126 285  49  59  19  13]
 [  2  20  50 141 189  21 545  13  12   7]
 [ 19  14  56 109 123  54  19 560  12  34]
 [ 91  61  14  45  44  13   5   5 679  43]
 [ 44 207  10  51  25  12  19  43  61 528]]


1000
==========================================
acc
0.5386
precision
0.5386
recall
0.5386
f1
0.5386
cm
[[668  31  33  16  90  11  15   9  85  42]
 [ 79 651   9  23  53   3  13   7  45 117]
 [ 86  17 370 119 217  64  65  33  16  13]
 [ 33  10  46 417 182 176  61  24  22  29]
 [ 52   8 114  88 511  47  75  73  19  13]
 [ 20   5  47 263 159 397  33  37  23  16]
 [ 14   8  64 130 134  53 571   3   9  14]
 [ 42   7  22  92 169  64  15 550  10  29]
 [136  48  16  18  61  10   4   3 663  41]
 [ 69 130   6  41  57  16  18  16  59 588]]

2000
===============================================
acc
0.1
precision
0.1
recall
0.1
f1
0.1
cm
[[   0    0    0    0    0    0    0    0 1000    0]
 [   0    0    0    0    0    0    0    0 1000    0]
 [   0    0    0    0    0    0    0    0 1000    0]
 [   0    0    0    0    0    0    0    0 1000    0]
 [   0    0    0    0    0    0    0    0 1000    0]
 [   0    0    0    0    0    0    0    0 1000    0]
 [   0    0    0    0    0    0    0    0 1000    0]
 [   0    0    0    0    0    0    0    0 1000    0]
 [   0    0    0    0    0    0    0    0 1000    0]
 [   0    0    0    0    0    0    0    0 1000    0]]

1500
=====================================================
acc
0.1425
precision
0.1425
recall
0.1425
f1
0.1425
cm
[[  0   0   0   0   0 532   0   0   0 468]
 [  0   0   0   0   0 185   0   0   0 815]
 [  0   0   0   0   0 535   0   0   0 465]
 [  0   0   0   0   0 495   0   0   0 505]
 [  0   0   0   0   0 498   0   0   0 502]
 [  0   0   0   0   0 621   0   0   0 379]
 [  0   0   0   0   0 393   0   0   0 607]
 [  0   0   0   0   0 537   0   0   0 463]
 [  0   0   0   0   0 251   0   0   0 749]
 [  0   0   0   0   0 196   0   0   0 804]]

1200
==========================================
acc
0.5172
precision
0.5172
recall
0.5172
f1
0.5172
cm
[[579  21  66  26 142   8  15  12  73  58]
 [ 37 572  22  23  95   7  13   6  48 177]
 [ 66  11 354 110 291  43  71  30   9  15]
 [ 16   8  50 416 276 111  63  20  13  27]
 [ 33   7  87  87 605  28  70  60  10  13]
 [  9   3  49 298 208 327  35  39  11  21]
 [  3  13  45 146 191  30 544   5   9  14]
 [ 19   8  34  84 216  45  13 543   7  31]
 [119  45  16  24 100  21   5   6 592  72]
 [ 44  82   9  38 105  16  15  21  30 640]]

800
===========================================
acc
0.5323
precision
0.5323
recall
0.5323
f1
0.5323
cm
[[595  22  49  16  92   5  16  13 149  43]
 [ 65 585  20  30  42   6  16   5  79 152]
 [ 80  11 342 144 246  54  64  21  21  17]
 [ 23   8  41 460 180 148  58  29  20  33]
 [ 46   3  79 107 583  35  62  59  16  10]
 [ 22   5  48 278 163 383  29  41  13  18]
 [ 11  12  52 161 137  39 546   9  11  22]
 [ 34   6  41  95 166  70   9 536   7  36]
 [109  43  14  37  47   8   6   3 691  42]
 [ 55 117  15  47  54  11  14  18  67 602]]

1100
==========================================
acc
0.5168
precision
0.5168
recall
0.5168
f1
0.5168
cm
[[514  37  55  38 167  10  15  16  86  62]
 [ 30 618  13  53  58  13  12   5  47 151]
 [ 51   7 364 175 250  48  54  27  13  11]
 [  3  12  50 472 189 142  51  30  20  31]
 [ 20   5 107 131 573  34  55  46  14  15]
 [  4   5  48 357 121 358  29  41  22  15]
 [  3  10  63 167 167  34 524   7   9  16]
 [ 22   5  32 129 180  58  12 530   5  27]
 [ 68  65  15  43  95   7   6   4 643  54]
 [ 23 144  14  74  67  18  15  25  48 572]]

900
===========================================
acc
0.53
precision
0.53
recall
0.53
f1
0.53
cm
[[625  26  37  16 115   7  12   9 114  39]
 [ 50 632  13  35  55   8  10   7  69 121]
 [ 78  13 366 129 261  44  56  25  16  12]
 [ 22   7  49 431 224 156  52  20  16  23]
 [ 44   6  88  88 610  29  63  46  13  13]
 [ 15   5  39 286 193 369  31  35  13  14]
 [  9  14  62 126 182  37 539   4   7  20]
 [ 30   9  40  85 228  51   9 512  10  26]
 [107  50  13  25  76  11   3   0 679  36]
 [ 64 161   8  41  72  12  14  18  73 537]]

1000 neuronios com 50% de drop
==============================
acc
0.4591
precision
0.4591
recall
0.4591
f1
0.4591
cm
[[582  11  36 231  17   1   7   9  41  65]
 [ 50 515   5 146   7   0   7   4  17 249]
 [ 79   4 244 505  73  14  38  21   5  17]
 [ 14   2  21 808  26  44  38  12   6  29]
 [ 37   3 115 446 289   5  38  45   7  15]
 [ 16   6  28 693  32 156  17  30   7  15]
 [  1   5  44 401  98   4 417   7   3  20]
 [ 26   5  18 399  58   9   7 449   1  28]
 [153  33   9 170   7   1   3   1 507 116]
 [ 51  80   7 182   7   3  14  10  22 624]]

1000 neuronios e 40% de dropout
================================
acc
0.5085
precision
0.5085
recall
0.5085
f1
0.5085
cm
[[626  16  42 118  29   2  15   9  85  58]
 [ 45 581  16 136  12   3  23   6  37 141]
 [ 74   7 310 367 117  28  50  27   8  12]
 [ 23   8  28 707  45  90  46   9  17  27]
 [ 31   3  98 318 404  21  62  38  11  14]
 [ 16   4  38 567  49 243  26  29  12  16]
 [  5   5  50 282 100  18 514   5   6  15]
 [ 28   5  34 290  81  30   7 487   7  31]
 [129  44  17 119  17   7   6   2 596  63]
 [ 43 110   7 148  13   7  14  11  30 617]]

1000 neuronios e 20% de dropout
==========================================
acc
0.5368
precision
0.5368
recall
0.5368
f1
0.5368
cm
[[565  25  49  31  98  15  17  11 139  50]
 [ 35 631  18  25  33   9  18  13  72 146]
 [ 65  12 379 122 194  81  60  42  21  24]
 [ 20  11  64 378 155 223  67  30  23  29]
 [ 44   4 103  88 551  54  70  52  21  13]
 [ 13   9  75 222 116 457  28  45  17  18]
 [ 10  11  66 113 125  59 573  10  16  17]
 [ 30   7  37  79 153  90  13 556   9  26]
 [ 83  52   8  25  41  16   7   7 716  45]
 [ 41 150  16  44  46  25  13  26  77 562]]

1000 neuronios e 25% de dropout
=================================
acc
0.5455
precision
0.5455
recall
0.5455
f1
0.5455
cm
[[631  21  36  27  93   6  23  17  90  56]
 [ 61 620  11  27  61   8  22   8  44 138]
 [ 60   5 384 124 215  47  85  40  26  14]
 [ 22   8  48 451 180 133  88  33  16  21]
 [ 40   3  96  94 571  33  81  58  13  11]
 [ 13   7  48 286 143 379  49  39  19  17]
 [  8  12  67 118 130  29 604   8  10  14]
 [ 28   6  25 106 166  65  16 555   5  28]
 [113  53  11  27  67   5   8   6 655  55]
 [ 61 130  10  41  58  15  25  21  34 605]]

1000 neuronios e 35% de dropout
==============================================
acc
0.5182
precision
0.5182
recall
0.5182
f1
0.5182
cm
[[569  19  48  44 141   7  11   9 107  45]
 [ 53 628   8  33  75   4   9   3  57 130]
 [ 66   6 334 153 273  66  51  21  20  10]
 [ 24  22  35 518 189 122  45  15   8  22]
 [ 40   7  94 150 556  26  57  47  13  10]
 [ 15  11  44 351 161 323  27  38  14  16]
 [ 12  12  42 203 173  23 505   7  12  11]
 [ 37   7  25 129 197  56   9 510   7  23]
 [ 94  50  10  40  82   6   4   5 664  45]
 [ 49 137  10  62  77  14  15  19  42 575]]

